0	1.66666e-05	4.16666e-06	2.08334e-11
0.01	6.66678e-05	4.16666e-06	1.66673e-05
0.02	0.000116679	4.16666e-06	3.33379e-05
0.03	0.00016671	4.16666e-06	5.00152e-05
0.04	0.000216772	4.16666e-06	6.67025e-05
0.05	0.000266873	4.16666e-06	8.34032e-05
0.06	0.000317025	4.16666e-06	0.000100121
0.07	0.000367236	4.16666e-06	0.000116858
0.08	0.000417519	4.16666e-06	0.000133619
0.09	0.000467882	4.16666e-06	0.000150407
0.1	0.000518336	4.16666e-06	0.000167225
0.11	0.000568891	4.16666e-06	0.000184077
0.12	0.000619558	4.16666e-06	0.000200966
0.13	0.000670348	4.16666e-06	0.000217896
0.14	0.00072127	4.16666e-06	0.000234871
0.15	0.000772336	4.16666e-06	0.000251893
0.16	0.000823557	4.16666e-06	0.000268967
0.17	0.000874944	4.16666e-06	0.000286096
0.18	0.000926507	4.16666e-06	0.000303284
0.19	0.000978258	4.16666e-06	0.000320534
0.2	0.00103021	4.16666e-06	0.000337851
0.21	0.00108237	4.16666e-06	0.000355239
0.22	0.00113475	4.16666e-06	0.000372701
0.23	0.00118737	4.16666e-06	0.000390241
0.24	0.00124024	4.16666e-06	0.000407863
0.25	0.00129337	4.16666e-06	0.000425572
0.26	0.00134676	4.16666e-06	0.000443371
0.27	0.00140045	4.16666e-06	0.000461266
0.28	0.00145443	4.16666e-06	0.000479259
0.29	0.00150872	4.16666e-06	0.000497357
0.3	0.00156333	4.16666e-06	0.000515563
0.31	0.00161829	4.16666e-06	0.000533881
0.32	0.0016736	4.16666e-06	0.000552318
0.33	0.00172928	4.16666e-06	0.000570877
0.34	0.00178534	4.16666e-06	0.000589564
0.35	0.00184179	4.16666e-06	0.000608383
0.36	0.00189867	4.16666e-06	0.000627341
0.37	0.00195597	4.16666e-06	0.000646441
0.38	0.00201371	4.16666e-06	0.000665691
0.39	0.00207192	4.16666e-06	0.000685094
0.4	0.00213062	4.16666e-06	0.000704658
0.41	0.0021898	4.16666e-06	0.000724388
0.42	0.00224951	4.16666e-06	0.000744291
0.43	0.00230975	4.16666e-06	0.000764372
0.44	0.00237055	4.16666e-06	0.000784638
0.45	0.00243192	4.16666e-06	0.000805095
0.46	0.00249389	4.16666e-06	0.000825751
0.47	0.00255647	4.16666e-06	0.000846613
0.48	0.0026197	4.16666e-06	0.000867688
0.49	0.00268359	4.16666e-06	0.000888984
0.5	0.00274816	4.16666e-06	0.000910508
0.51	0.00281344	4.16666e-06	0.000932268
0.52	0.00287945	4.16666e-06	0.000954274
0.53	0.00294623	4.16666e-06	0.000976532
0.54	0.00301379	4.16666e-06	0.000999054
0.55	0.00308217	4.16666e-06	0.00102185
0.56	0.00315139	4.16666e-06	0.00104492
0.57	0.00322148	4.16666e-06	0.00106829
0.58	0.00329248	4.16666e-06	0.00109195
0.59	0.00336442	4.16666e-06	0.00111593
0.6	0.00343732	4.16666e-06	0.00114023
0.61	0.00351123	4.16666e-06	0.00116487
0.62	0.00358618	4.16666e-06	0.00118985
0.63	0.00366221	4.16666e-06	0.0012152
0.64	0.00373935	4.16666e-06	0.00124091
0.65	0.00381766	4.16666e-06	0.00126701
0.66	0.00389716	4.16666e-06	0.00129351
0.67	0.0039779	4.16666e-06	0.00132043
0.68	0.00405994	4.16666e-06	0.00134777
0.69	0.00414331	4.16666e-06	0.00137557
0.7	0.00422807	4.16666e-06	0.00140382
0.71	0.00431427	4.16666e-06	0.00143255
0.72	0.00440197	4.16666e-06	0.00146179
0.73	0.00449122	4.16666e-06	0.00149154
0.74	0.00458208	4.16666e-06	0.00152182
0.75	0.00467461	4.16666e-06	0.00155267
0.76	0.00476888	4.16666e-06	0.00158409
0.77	0.00486497	4.16666e-06	0.00161612
0.78	0.00496293	4.16666e-06	0.00164878
0.79	0.00506286	4.16666e-06	0.00168208
0.8	0.00516482	4.16666e-06	0.00171607
0.81	0.0052689	4.16666e-06	0.00175077
0.82	0.00537519	4.16666e-06	0.0017862
0.83	0.00548379	4.16666e-06	0.0018224
0.84	0.00559478	4.16666e-06	0.0018594
0.85	0.00570828	4.16666e-06	0.00189723
0.86	0.0058244	4.16666e-06	0.00193593
0.87	0.00594324	4.16666e-06	0.00197555
0.88	0.00606494	4.16666e-06	0.00201612
0.89	0.00618961	4.16666e-06	0.00205767
0.9	0.00631741	4.16666e-06	0.00210027
0.91	0.00644846	4.16666e-06	0.00214396
0.92	0.00658293	4.16666e-06	0.00218878
0.93	0.00672098	4.16666e-06	0.0022348
0.94	0.00686278	4.16666e-06	0.00228207
0.95	0.00700852	4.16666e-06	0.00233065
0.96	0.00715839	4.16666e-06	0.00238061
0.97	0.00731261	4.16666e-06	0.00243201
0.98	0.0074714	4.16666e-06	0.00248494
0.99	0.00763499	4.16666e-06	0.00253947
1	0.00780364	4.16666e-06	0.00259569
1.01	0.00797763	4.16666e-06	0.00265369
1.02	0.00815725	4.16666e-06	0.00271356
1.03	0.00834282	4.16666e-06	0.00277542
1.04	0.00853467	4.16666e-06	0.00283937
1.05	0.00873317	4.16666e-06	0.00290554
1.06	0.00893872	4.16666e-06	0.00297405
1.07	0.00915173	4.16666e-06	0.00304506
1.08	0.00937268	4.16666e-06	0.00311871
1.09	0.00960205	4.16666e-06	0.00319517
1.1	0.00984038	4.16666e-06	0.00327461
1.11	0.0100883	4.16666e-06	0.00335724
1.12	0.0103464	4.16666e-06	0.00344327
1.13	0.0106153	4.16666e-06	0.00353293
1.14	0.010896	4.16666e-06	0.00362647
1.15	0.0111891	4.16666e-06	0.00372418
1.16	0.0114956	4.16666e-06	0.00382635
1.17	0.0118165	4.16666e-06	0.00393332
1.18	0.0121529	4.16666e-06	0.00404546
1.19	0.0125061	4.16666e-06	0.00416318
1.2	0.0128773	4.16666e-06	0.00428694
1.21	0.0132682	4.16666e-06	0.00441723
1.22	0.0136803	4.16666e-06	0.00455461
1.23	0.0141156	4.16666e-06	0.00469971
1.24	0.0145762	4.16666e-06	0.00485324
1.25	0.0150644	4.16666e-06	0.00501597
1.26	0.0155829	4.16666e-06	0.0051888
1.27	0.0161347	4.16666e-06	0.00537274
1.28	0.0167233	4.16666e-06	0.00556894
1.29	0.0173526	4.16666e-06	0.0057787
1.3	0.018027	4.16666e-06	0.00600353
1.31	0.0187519	4.16666e-06	0.00624516
1.32	0.0195332	4.16666e-06	0.00650561
1.33	0.020378	4.16666e-06	0.00678721
1.34	0.0212946	4.16666e-06	0.00709273
1.35	0.0222926	4.16666e-06	0.0074254
1.36	0.0233837	4.16666e-06	0.0077891
1.37	0.0245818	4.16666e-06	0.00818846
1.38	0.0259036	4.16666e-06	0.0086291
1.39	0.0273699	4.16666e-06	0.00911785
1.4	0.0290058	4.16666e-06	0.00966318
1.41	0.0308432	4.16666e-06	0.0102756
1.42	0.032922	4.16666e-06	0.0109686
1.43	0.0352937	4.16666e-06	0.0117592
1.44	0.0380255	4.16666e-06	0.0126698
1.45	0.0412068	4.16666e-06	0.0137302
1.46	0.0449593	4.16666e-06	0.0149811
1.47	0.0494531	4.16666e-06	0.016479
1.48	0.0549331	4.16666e-06	0.0183057
1.49	0.0617654	4.16666e-06	0.0205832
1.5	0.0705232	4.16666e-06	0.0235025
1.51	0.0821564	4.16666e-06	0.0273803
1.52	0.0983635	4.16666e-06	0.0327827
1.53	0.122508	4.16666e-06	0.0408309
1.54	0.162321	4.16666e-06	0.0541021
1.55	0.240407	4.16666e-06	0.0801311
1.56	0.463115	4.16666e-06	0.154368
1.57	6.27879	4.16667e-06	2.09295
1.58	0.543225	4.16666e-06	0.181083
1.59	0.260316	4.16666e-06	0.0867786
1.6	0.171145	4.16666e-06	0.0570545
1.61	0.127456	4.16666e-06	0.0424914
1.62	0.101519	4.16666e-06	0.0338456
1.63	0.0843382	4.16666e-06	0.0281186
1.64	0.0721179	4.16666e-06	0.0240451
1.65	0.0629791	4.16666e-06	0.0209989
1.66	0.0558856	4.16666e-06	0.0186343
1.67	0.0502188	4.16666e-06	0.0167454
1.68	0.0455868	4.16666e-06	0.0152013
1.69	0.0417291	4.16666e-06	0.0139154
1.7	0.038466	4.16666e-06	0.0128277
1.71	0.0356693	4.16666e-06	0.0118955
1.72	0.0332453	4.16666e-06	0.0110874
1.73	0.0311236	4.16666e-06	0.0103802
1.74	0.0292507	4.16666e-06	0.00975592
1.75	0.027585	4.16666e-06	0.00920067
1.76	0.0260936	4.16666e-06	0.00870352
1.77	0.0247502	4.16666e-06	0.00825572
1.78	0.0235336	4.16666e-06	0.00785019
1.79	0.0224265	4.16666e-06	0.00748114
1.8	0.0214145	4.16666e-06	0.0071438
1.81	0.0204856	4.16666e-06	0.00683419
1.82	0.01963	4.16666e-06	0.00654897
1.83	0.0188391	4.16666e-06	0.00628533
1.84	0.0181056	4.16666e-06	0.00604084
1.85	0.0174235	4.16666e-06	0.00581346
1.86	0.0167873	4.16666e-06	0.0056014
1.87	0.0161925	4.16666e-06	0.00540314
1.88	0.0156351	4.16666e-06	0.00521733
1.89	0.0151115	4.16666e-06	0.0050428
1.9	0.0146187	4.16666e-06	0.00487852
1.91	0.0141539	4.16666e-06	0.00472358
1.92	0.0137147	4.16666e-06	0.00457719
1.93	0.013299	4.16666e-06	0.00443862
1.94	0.0129049	4.16666e-06	0.00430724
1.95	0.0125306	4.16666e-06	0.00418248
1.96	0.0121747	4.16666e-06	0.00406383
1.97	0.0118357	4.16666e-06	0.00395082
1.98	0.0115123	4.16666e-06	0.00384305
1.99	0.0112036	4.16666e-06	0.00374014
2	0.0109084	4.16666e-06	0.00364175
2.01	0.0106259	4.16666e-06	0.00354756
2.02	0.0103551	4.16666e-06	0.0034573
2.03	0.0100953	4.16666e-06	0.00337071
2.04	0.00984587	4.16666e-06	0.00328755
2.05	0.00960606	4.16666e-06	0.00320761
2.06	0.0093753	4.16666e-06	0.00313069
2.07	0.00915304	4.16666e-06	0.00305661
2.08	0.0089388	4.16666e-06	0.00298519
2.09	0.00873209	4.16666e-06	0.00291629
2.1	0.00853249	4.16666e-06	0.00284976
2.11	0.00833961	4.16666e-06	0.00278546
2.12	0.00815307	4.16666e-06	0.00272328
2.13	0.00797252	4.16666e-06	0.0026631
2.14	0.00779765	4.16666e-06	0.00260481
2.15	0.00762817	4.16666e-06	0.00254831
2.16	0.00746379	4.16666e-06	0.00249352
2.17	0.00730426	4.16666e-06	0.00244034
2.18	0.00714933	4.16666e-06	0.00238869
2.19	0.00699878	4.16666e-06	0.00233851
2.2	0.00685239	4.16666e-06	0.00228971
2.21	0.00670997	4.16666e-06	0.00224224
2.22	0.00657134	4.16666e-06	0.00219603
2.23	0.00643631	4.16666e-06	0.00215102
2.24	0.00630472	4.16666e-06	0.00210716
2.25	0.00617642	4.16666e-06	0.00206439
2.26	0.00605126	4.16666e-06	0.00202267
2.27	0.0059291	4.16666e-06	0.00198195
2.28	0.00580981	4.16666e-06	0.00194218
2.29	0.00569326	4.16666e-06	0.00190333
2.3	0.00557935	4.16666e-06	0.00186536
2.31	0.00546797	4.16666e-06	0.00182823
2.32	0.005359	4.16666e-06	0.00179191
2.33	0.00525234	4.16666e-06	0.00175636
2.34	0.00514792	4.16666e-06	0.00172155
2.35	0.00504562	4.16666e-06	0.00168745
2.36	0.00494538	4.16666e-06	0.00165404
2.37	0.00484711	4.16666e-06	0.00162128
2.38	0.00475073	4.16666e-06	0.00158915
2.39	0.00465617	4.16666e-06	0.00155763
2.4	0.00456337	4.16666e-06	0.0015267
2.41	0.00447225	4.16666e-06	0.00149632
2.42	0.00438274	4.16666e-06	0.00146649
2.43	0.00429481	4.16666e-06	0.00143718
2.44	0.00420837	4.16666e-06	0.00140836
2.45	0.00412338	4.16666e-06	0.00138003
2.46	0.00403979	4.16666e-06	0.00135217
2.47	0.00395755	4.16666e-06	0.00132476
2.48	0.0038766	4.16666e-06	0.00129777
2.49	0.0037969	4.16666e-06	0.00127121
2.5	0.00371841	4.16666e-06	0.00124504
2.51	0.00364109	4.16666e-06	0.00121927
2.52	0.00356488	4.16666e-06	0.00119387
2.53	0.00348976	4.16666e-06	0.00116883
2.54	0.00341569	4.16666e-06	0.00114413
2.55	0.00334263	4.16666e-06	0.00111978
2.56	0.00327054	4.16666e-06	0.00109575
2.57	0.0031994	4.16666e-06	0.00107203
2.58	0.00312916	4.16666e-06	0.00104862
2.59	0.0030598	4.16666e-06	0.0010255
2.6	0.00299129	4.16666e-06	0.00100267
2.61	0.0029236	4.16666e-06	0.000980101
2.62	0.0028567	4.16666e-06	0.000957802
2.63	0.00279057	4.16666e-06	0.000935756
2.64	0.00272517	4.16666e-06	0.000913958
2.65	0.00266049	4.16666e-06	0.000892396
2.66	0.0025965	4.16666e-06	0.000871065
2.67	0.00253317	4.16666e-06	0.000849955
2.68	0.00247048	4.16666e-06	0.00082906
2.69	0.00240842	4.16666e-06	0.000808371
2.7	0.00234695	4.16666e-06	0.000787883
2.71	0.00228606	4.16666e-06	0.000767587
2.72	0.00222574	4.16666e-06	0.000747477
2.73	0.00216595	4.16666e-06	0.000727546
2.74	0.00210667	4.16666e-06	0.000707789
2.75	0.00204791	4.16666e-06	0.000688199
2.76	0.00198962	4.16666e-06	0.00066877
2.77	0.0019318	4.16666e-06	0.000649497
2.78	0.00187443	4.16666e-06	0.000630373
2.79	0.00181749	4.16666e-06	0.000611393
2.8	0.00176097	4.16666e-06	0.000592552
2.81	0.00170485	4.16666e-06	0.000573845
2.82	0.00164911	4.16666e-06	0.000555265
2.83	0.00159374	4.16666e-06	0.00053681
2.84	0.00153873	4.16666e-06	0.000518472
2.85	0.00148406	4.16666e-06	0.000500249
2.86	0.00142972	4.16666e-06	0.000482134
2.87	0.00137569	4.16666e-06	0.000464124
2.88	0.00132196	4.16666e-06	0.000446215
2.89	0.00126852	4.16666e-06	0.0004284
2.9	0.00121535	4.16666e-06	0.000410677
2.91	0.00116244	4.16666e-06	0.000393042
2.92	0.00110979	4.16666e-06	0.000375489
2.93	0.00105736	4.16666e-06	0.000358015
2.94	0.00100517	4.16666e-06	0.000340616
2.95	0.000953185	4.16666e-06	0.000323288
2.96	0.000901403	4.16666e-06	0.000306027
2.97	0.00084981	4.16666e-06	0.000288829
2.98	0.000798397	4.16666e-06	0.000271691
2.99	0.00074715	4.16666e-06	0.000254609
3	0.00069606	4.16666e-06	0.000237579
3.01	0.000645116	4.16666e-06	0.000220597
3.02	0.000594306	4.16666e-06	0.00020366
3.03	0.00054362	4.16666e-06	0.000186764
3.04	0.000493047	4.16666e-06	0.000169907
3.05	0.000442578	4.16666e-06	0.000153083
3.06	0.000392201	4.16666e-06	0.000136291
3.07	0.000341907	4.16666e-06	0.000119526
3.08	0.000291684	4.16666e-06	0.000102785
3.09	0.000241524	4.16666e-06	8.60645e-05
3.1	0.000191415	4.16666e-06	6.93614e-05
3.11	0.000141348	4.16666e-06	5.26721e-05
3.12	9.13126e-05	4.16666e-06	3.59935e-05
3.13	4.12988e-05	4.16666e-06	1.9322e-05
3.14	8.70338e-06	4.16666e-06	2.65442e-06
3.15	5.8704e-05	4.16666e-06	1.40127e-05
3.16	0.000108713	4.16666e-06	3.06825e-05
3.17	0.00015874	4.16666e-06	4.73585e-05
3.18	0.000208796	4.16666e-06	6.4044e-05
3.19	0.000258891	4.16666e-06	8.07423e-05
3.2	0.000309033	4.16666e-06	9.74569e-05
3.21	0.000359235	4.16666e-06	0.000114191
3.22	0.000409505	4.16666e-06	0.000130948
3.23	0.000459855	4.16666e-06	0.000147731
3.24	0.000510294	4.16666e-06	0.000164544
3.25	0.000560832	4.16666e-06	0.000181391
3.26	0.000611481	4.16666e-06	0.000198274
3.27	0.00066225	4.16666e-06	0.000215197
3.28	0.000713151	4.16666e-06	0.000232164
3.29	0.000764193	4.16666e-06	0.000249179
3.3	0.000815389	4.16666e-06	0.000266244
3.31	0.000866748	4.16666e-06	0.000283364
3.32	0.000918282	4.16666e-06	0.000300542
3.33	0.000970003	4.16666e-06	0.000317783
3.34	0.00102192	4.16666e-06	0.000335089
3.35	0.00107405	4.16666e-06	0.000352465
3.36	0.0011264	4.16666e-06	0.000369914
3.37	0.00117898	4.16666e-06	0.000387442
3.38	0.0012318	4.16666e-06	0.000405051
3.39	0.00128489	4.16666e-06	0.000422745
3.4	0.00133824	4.16666e-06	0.00044053
3.41	0.00139188	4.16666e-06	0.000458409
3.42	0.00144581	4.16666e-06	0.000476387
3.43	0.00150005	4.16666e-06	0.000494467
3.44	0.00155461	4.16666e-06	0.000512656
3.45	0.00160951	4.16666e-06	0.000530956
3.46	0.00166477	4.16666e-06	0.000549374
3.47	0.00172038	4.16666e-06	0.000567913
3.48	0.00177638	4.16666e-06	0.000586579
3.49	0.00183277	4.16666e-06	0.000605377
3.5	0.00188958	4.16666e-06	0.000624312
3.51	0.00194681	4.16666e-06	0.000643389
3.52	0.00200449	4.16666e-06	0.000662615
3.53	0.00206262	4.16666e-06	0.000681993
3.54	0.00212123	4.16666e-06	0.000701531
3.55	0.00218034	4.16666e-06	0.000721235
3.56	0.00223997	4.16666e-06	0.000741109
3.57	0.00230012	4.16666e-06	0.000761161
3.58	0.00236083	4.16666e-06	0.000781397
3.59	0.00242211	4.16666e-06	0.000801824
3.6	0.00248398	4.16666e-06	0.000822448
3.61	0.00254647	4.16666e-06	0.000843277
3.62	0.00260959	4.16666e-06	0.000864317
3.63	0.00267337	4.16666e-06	0.000885577
3.64	0.00273783	4.16666e-06	0.000907064
3.65	0.00280299	4.16666e-06	0.000928787
3.66	0.00286889	4.16666e-06	0.000950752
3.67	0.00293554	4.16666e-06	0.00097297
3.68	0.00300298	4.16666e-06	0.000995449
3.69	0.00307122	4.16666e-06	0.0010182
3.7	0.00314031	4.16666e-06	0.00104123
3.71	0.00321026	4.16666e-06	0.00106454
3.72	0.00328111	4.16666e-06	0.00108816
3.73	0.0033529	4.16666e-06	0.00111209
3.74	0.00342564	4.16666e-06	0.00113634
3.75	0.00349939	4.16666e-06	0.00116092
3.76	0.00357417	4.16666e-06	0.00118585
3.77	0.00365003	4.16666e-06	0.00121114
3.78	0.00372699	4.16666e-06	0.00123679
3.79	0.00380511	4.16666e-06	0.00126283
3.8	0.00388441	4.16666e-06	0.00128927
3.81	0.00396496	4.16666e-06	0.00131611
3.82	0.00404679	4.16666e-06	0.00134339
3.83	0.00412994	4.16666e-06	0.00137111
3.84	0.00421448	4.16666e-06	0.00139929
3.85	0.00430045	4.16666e-06	0.00142794
3.86	0.0043879	4.16666e-06	0.0014571
3.87	0.0044769	4.16666e-06	0.00148676
3.88	0.0045675	4.16666e-06	0.00151696
3.89	0.00465976	4.16666e-06	0.00154772
3.9	0.00475375	4.16666e-06	0.00157905
3.91	0.00484954	4.16666e-06	0.00161098
3.92	0.0049472	4.16666e-06	0.00164353
3.93	0.00504681	4.16666e-06	0.00167673
3.94	0.00514844	4.16666e-06	0.00171061
3.95	0.00525218	4.16666e-06	0.00174519
3.96	0.00535811	4.16666e-06	0.0017805
3.97	0.00546633	4.16666e-06	0.00181658
3.98	0.00557694	4.16666e-06	0.00185345
3.99	0.00569003	4.16666e-06	0.00189115
4	0.00580572	4.16666e-06	0.00192971
4.01	0.00592413	4.16666e-06	0.00196918
4.02	0.00604536	4.16666e-06	0.00200959
4.03	0.00616955	4.16666e-06	0.00205099
4.04	0.00629684	4.16666e-06	0.00209342
4.05	0.00642736	4.16666e-06	0.00213693
4.06	0.00656128	4.16666e-06	0.00218156
4.07	0.00669875	4.16666e-06	0.00222739
4.08	0.00683994	4.16666e-06	0.00227445
4.09	0.00698504	4.16666e-06	0.00232282
4.1	0.00713424	4.16666e-06	0.00237255
4.11	0.00728775	4.16666e-06	0.00242372
4.12	0.00744579	4.16666e-06	0.00247641
4.13	0.0076086	4.16666e-06	0.00253068
4.14	0.00777643	4.16666e-06	0.00258662
4.15	0.00794955	4.16666e-06	0.00264433
4.16	0.00812825	4.16666e-06	0.0027039
4.17	0.00831285	4.16666e-06	0.00276543
4.18	0.00850368	4.16666e-06	0.00282904
4.19	0.00870109	4.16666e-06	0.00289485
4.2	0.00890549	4.16666e-06	0.00296298
4.21	0.00911729	4.16666e-06	0.00303358
4.22	0.00933694	4.16666e-06	0.0031068
4.23	0.00956493	4.16666e-06	0.00318279
4.24	0.0098018	4.16666e-06	0.00326175
4.25	0.0100481	4.16666e-06	0.00334386
4.26	0.0103045	4.16666e-06	0.00342933
4.27	0.0105717	4.16666e-06	0.0035184
4.28	0.0108504	4.16666e-06	0.0036113
4.29	0.0111415	4.16666e-06	0.00370833
4.3	0.0114458	4.16666e-06	0.00380976
4.31	0.0117644	4.16666e-06	0.00391595
4.32	0.0120982	4.16666e-06	0.00402724
4.33	0.0124486	4.16666e-06	0.00414404
4.34	0.0128169	4.16666e-06	0.0042668
4.35	0.0132045	4.16666e-06	0.00439602
4.36	0.0136132	4.16666e-06	0.00453223
4.37	0.0140447	4.16666e-06	0.00467606
4.38	0.0145011	4.16666e-06	0.00482819
4.39	0.0149847	4.16666e-06	0.0049894
4.4	0.0154982	4.16666e-06	0.00516056
4.41	0.0160444	4.16666e-06	0.00534266
4.42	0.0166269	4.16666e-06	0.00553682
4.43	0.0172494	4.16666e-06	0.00574433
4.44	0.0179164	4.16666e-06	0.00596664
4.45	0.0186329	4.16666e-06	0.00620547
4.46	0.0194048	4.16666e-06	0.00646278
4.47	0.0202389	4.16666e-06	0.00674084
4.48	0.0211434	4.16666e-06	0.00704234
4.49	0.0221277	4.16666e-06	0.00737045
4.5	0.0232031	4.16666e-06	0.00772892
4.51	0.0243831	4.16666e-06	0.00812225
4.52	0.025684	4.16666e-06	0.00855589
4.53	0.0271257	4.16666e-06	0.00903646
4.54	0.0287327	4.16666e-06	0.00957214
4.55	0.0305356	4.16666e-06	0.0101731
4.56	0.0325728	4.16666e-06	0.0108522
4.57	0.0348938	4.16666e-06	0.0116259
4.58	0.0375629	4.16666e-06	0.0125156
4.59	0.0406655	4.16666e-06	0.0135498
4.6	0.0443172	4.16666e-06	0.014767
4.61	0.0486789	4.16666e-06	0.0162209
4.62	0.0539812	4.16666e-06	0.0179884
4.63	0.0605665	4.16666e-06	0.0201835
4.64	0.0689667	4.16666e-06	0.0229836
4.65	0.0800543	4.16666e-06	0.0266796
4.66	0.0953685	4.16666e-06	0.0317843
4.67	0.1179	4.16666e-06	0.039295
4.68	0.154335	4.16666e-06	0.05144
4.69	0.223302	4.16666e-06	0.0744293
4.7	0.403577	4.16666e-06	0.134522
4.71	2.09294	4.16666e-06	0.697649
4.72	0.656907	4.16666e-06	0.218977
4.73	0.283865	4.16666e-06	0.0946283
4.74	0.181023	4.16666e-06	0.0603473
4.75	0.132859	4.16666e-06	0.0442925
4.76	0.104921	4.16666e-06	0.0349796
4.77	0.0866755	4.16666e-06	0.0288978
4.78	0.0738224	4.16666e-06	0.0246133
4.79	0.0642772	4.16666e-06	0.0214316
4.8	0.0569072	4.16666e-06	0.0189749
4.81	0.0510438	4.16666e-06	0.0170204
4.82	0.0462671	4.16666e-06	0.0154281
4.83	0.0422998	4.16666e-06	0.0141057
4.84	0.0389517	4.16666e-06	0.0129896
4.85	0.0360877	4.16666e-06	0.0120349
4.86	0.0336095	4.16666e-06	0.0112089
4.87	0.0314436	4.16666e-06	0.0104869
4.88	0.0295342	4.16666e-06	0.00985041
4.89	0.0278379	4.16666e-06	0.00928496
4.9	0.0263206	4.16666e-06	0.00877919
4.91	0.0249551	4.16666e-06	0.00832404
4.92	0.0237196	4.16666e-06	0.00791219
4.93	0.0225961	4.16666e-06	0.00753768
4.94	0.0215698	4.16666e-06	0.00719557
4.95	0.0206284	4.16666e-06	0.00688179
4.96	0.0197617	4.16666e-06	0.00659289
4.97	0.018961	4.16666e-06	0.00632597
4.98	0.0182189	4.16666e-06	0.00607858
4.99	0.0175289	4.16666e-06	0.0058486
5	0.0168858	4.16666e-06	0.00563422
5.01	0.0162847	4.16666e-06	0.00543385
5.02	0.0157215	4.16666e-06	0.00524614
5.03	0.0151928	4.16666e-06	0.00506988
5.04	0.0146952	4.16666e-06	0.00490403
5.05	0.0142262	4.16666e-06	0.00474766
5.06	0.013783	4.16666e-06	0.00459996
5.07	0.0133637	4.16666e-06	0.00446019
5.08	0.0129663	4.16666e-06	0.0043277
5.09	0.012589	4.16666e-06	0.00420192
5.1	0.0122302	4.16666e-06	0.00408233
5.11	0.0118886	4.16666e-06	0.00396846
5.12	0.0115628	4.16666e-06	0.00385988
5.13	0.0112519	4.16666e-06	0.00375622
5.14	0.0109546	4.16666e-06	0.00365713
5.15	0.0106701	4.16666e-06	0.00356229
5.16	0.0103975	4.16666e-06	0.00347143
5.17	0.010136	4.16666e-06	0.00338427
5.18	0.00988494	4.16666e-06	0.00330058
5.19	0.00964363	4.16666e-06	0.00322014
5.2	0.00941146	4.16666e-06	0.00314275
5.21	0.00918789	4.16666e-06	0.00306822
5.22	0.0089724	4.16666e-06	0.00299639
5.23	0.00876453	4.16666e-06	0.0029271
5.24	0.00856382	4.16666e-06	0.0028602
5.25	0.0083699	4.16666e-06	0.00279556
5.26	0.00818237	4.16666e-06	0.00273304
5.27	0.00800089	4.16666e-06	0.00267255
5.28	0.00782514	4.16666e-06	0.00261397
5.29	0.00765481	4.16666e-06	0.00255719
5.3	0.00748964	4.16666e-06	0.00250213
5.31	0.00732935	4.16666e-06	0.0024487
5.32	0.0071737	4.16666e-06	0.00239682
5.33	0.00702247	4.16666e-06	0.00234641
5.34	0.00687543	4.16666e-06	0.0022974
5.35	0.0067324	4.16666e-06	0.00224972
5.36	0.00659317	4.16666e-06	0.00220331
5.37	0.00645758	4.16666e-06	0.00215811
5.38	0.00632546	4.16666e-06	0.00211407
5.39	0.00619664	4.16666e-06	0.00207113
5.4	0.00607099	4.16666e-06	0.00202924
5.41	0.00594836	4.16666e-06	0.00198837
5.42	0.00582862	4.16666e-06	0.00194845
5.43	0.00571165	4.16666e-06	0.00190946
5.44	0.00559733	4.16666e-06	0.00187135
5.45	0.00548554	4.16666e-06	0.00183409
5.46	0.00537619	4.16666e-06	0.00179764
5.47	0.00526918	4.16666e-06	0.00176197
5.48	0.0051644	4.16666e-06	0.00172704
5.49	0.00506178	4.16666e-06	0.00169284
5.5	0.00496121	4.16666e-06	0.00165931
5.51	0.00486263	4.16666e-06	0.00162645
5.52	0.00476596	4.16666e-06	0.00159423
5.53	0.00467111	4.16666e-06	0.00156261
5.54	0.00457803	4.16666e-06	0.00153159
5.55	0.00448665	4.16666e-06	0.00150112
5.56	0.00439689	4.16666e-06	0.0014712
5.57	0.00430871	4.16666e-06	0.00144181
5.58	0.00422204	4.16666e-06	0.00141292
5.59	0.00413683	4.16666e-06	0.00138451
5.6	0.00405302	4.16666e-06	0.00135658
5.61	0.00397056	4.16666e-06	0.00132909
5.62	0.00388941	4.16666e-06	0.00130204
5.63	0.00380952	4.16666e-06	0.00127541
5.64	0.00373084	4.16666e-06	0.00124918
5.65	0.00365333	4.16666e-06	0.00122335
5.66	0.00357695	4.16666e-06	0.00119789
5.67	0.00350166	4.16666e-06	0.00117279
5.68	0.00342742	4.16666e-06	0.00114804
5.69	0.0033542	4.16666e-06	0.00112364
5.7	0.00328196	4.16666e-06	0.00109956
5.71	0.00321067	4.16666e-06	0.00107579
5.72	0.00314029	4.16666e-06	0.00105233
5.73	0.00307079	4.16666e-06	0.00102917
5.74	0.00300215	4.16666e-06	0.00100628
5.75	0.00293433	4.16666e-06	0.000983677
5.76	0.0028673	4.16666e-06	0.000961336
5.77	0.00280105	4.16666e-06	0.000939251
5.78	0.00273554	4.16666e-06	0.000917413
5.79	0.00267074	4.16666e-06	0.000895815
5.8	0.00260664	4.16666e-06	0.000874447
5.81	0.00254321	4.16666e-06	0.000853303
5.82	0.00248042	4.16666e-06	0.000832374
5.83	0.00241826	4.16666e-06	0.000811653
5.84	0.0023567	4.16666e-06	0.000791133
5.85	0.00229572	4.16666e-06	0.000770806
5.86	0.00223531	4.16666e-06	0.000750667
5.87	0.00217543	4.16666e-06	0.000730709
5.88	0.00211608	4.16666e-06	0.000710925
5.89	0.00205723	4.16666e-06	0.000691308
5.9	0.00199887	4.16666e-06	0.000671854
5.91	0.00194098	4.16666e-06	0.000652556
5.92	0.00188354	4.16666e-06	0.000633409
5.93	0.00182653	4.16666e-06	0.000614407
5.94	0.00176994	4.16666e-06	0.000595544
5.95	0.00171376	4.16666e-06	0.000576815
5.96	0.00165796	4.16666e-06	0.000558216
5.97	0.00160254	4.16666e-06	0.000539741
5.98	0.00154747	4.16666e-06	0.000521385
5.99	0.00149275	4.16666e-06	0.000503144
6	0.00143835	4.16666e-06	0.000485012
6.01	0.00138427	4.16666e-06	0.000466986
6.02	0.0013305	4.16666e-06	0.00044906
6.03	0.00127701	4.16666e-06	0.000431231
6.04	0.0012238	4.16666e-06	0.000413494
6.05	0.00117085	4.16666e-06	0.000395845
6.06	0.00111816	4.16666e-06	0.000378279
6.07	0.0010657	4.16666e-06	0.000360793
6.08	0.00101347	4.16666e-06	0.000343382
6.09	0.00096145	4.16666e-06	0.000326043
6.1	0.000909637	4.16666e-06	0.000308772
6.11	0.000858015	4.16666e-06	0.000291564
6.12	0.000806574	4.16666e-06	0.000274417
6.13	0.000755301	4.16666e-06	0.000257326
6.14	0.000704187	4.16666e-06	0.000240288
6.15	0.00065322	4.16666e-06	0.000223298
6.16	0.000602389	4.16666e-06	0.000206355
6.17	0.000551684	4.16666e-06	0.000189453
6.18	0.000501095	4.16666e-06	0.000172589
6.19	0.000450609	4.16666e-06	0.000155761
6.2	0.000400219	4.16666e-06	0.000138963
6.21	0.000349912	4.16666e-06	0.000122194
6.22	0.000299678	4.16666e-06	0.00010545
6.23	0.000249509	4.16666e-06	8.87262e-05
6.24	0.000199392	4.16666e-06	7.20206e-05
6.25	0.00014932	4.16666e-06	5.53294e-05
6.26	9.92798e-05	4.16666e-06	3.86492e-05
6.27	4.92632e-05	4.16666e-06	2.19769e-05
